  1| 83.520833| 22.016667| 8.40|    6300.0|Tau| Crab Nebula 
  2|323.270833| -0.816667| 6.50|   36200.0|Aqr|   
  3|205.508333| 28.383333| 6.20|   30600.0|CVn|   
  4|245.775000|-26.533333| 5.60|    6800.0|Sco|   
  5|229.525000|  2.083333| 5.60|   22800.0|Ser|   
  6|265.004167|-32.216667| 5.30|    2000.0|Sco| Butterfly Cluster 
  7|268.287500|-34.816667| 4.10|     800.0|Sco| Ptolemy's Cluster 
  8|270.783333|-24.383333| 6.00|    5200.0|Sgr| Lagoon Nebula 
  9|259.758333|-18.516667| 7.70|   26400.0|Oph|   
 10|254.254167| -4.100000| 6.60|   13400.0|Oph|   
 11|282.754167| -6.266667| 6.30|    6000.0|Sct| Wild Duck Cluster
 12|251.758333| -1.950000| 6.70|   17600.0|Oph|   
 13|250.279167| 36.466667| 5.80|   22800.0|Her| Hercules Globular Cluster
 14|264.275000| -3.250000| 7.60|   27400.0|Oph|   
 15|322.500000| 12.166667| 6.20|   32600.0|Peg|   
 16|274.533333|-13.783333| 6.40|    7000.0|Ser| Eagle Nebula 
 17|275.033333|-16.183333| 7.00|    5000.0|Sgr| Lobster Nebula 
 18|274.787500|-17.133333| 7.50|    4900.0|Sgr|   
 19|255.525000|-26.266667| 6.80|   27100.0|Oph|   
 20|270.525000|-23.033333| 9.00|    5200.0|Sgr| Trifid Nebula 
 21|271.025000|-22.500000| 6.50|    4250.0|Sgr|   
 22|279.016667|-23.900000| 5.10|   10100.0|Sgr|   
 23|269.033333|-19.016667| 6.90|    2150.0|Sgr|   
 24|274.037500|-18.483333| 4.60|   10000.0|Sgr| Sagittarius Star Cloud
 25|277.775000|-19.250000| 6.50|    2000.0|Sgr|   
 26|281.258333| -9.400000| 8.00|    5000.0|Sct|   
 27|299.775000| 22.716667| 7.40|    1250.0|Vul| Dumbbell Nebula 
 28|276.020833|-24.866667| 6.80|   17900.0|Sgr|   
 29|305.787500| 38.533333| 7.10|    4000.0|Cyg|   
 30|325.016667|-23.183333| 7.20|   24800.0|Cap|   
 31| 10.529167| 41.266667| 3.40| 2900000.0|And| Andromeda Galaxy 
 32| 10.529167| 40.866667| 8.10| 2900000.0|And|   
 33| 23.287500| 30.650000| 5.70| 3000000.0|Tri| Triangulum Galaxy 
 34| 40.500000| 42.783333| 5.50|    1400.0|Per|   
 35| 92.037500| 24.333333| 5.30|    2800.0|Gem|   
 36| 84.004167| 34.133333| 6.30|    4100.0|Aur|   
 37| 88.016667| 32.550000| 6.20|    4400.0|Aur|   
 38| 82.016667| 35.833333| 7.40|    4200.0|Aur|   
 39|323.008333| 48.433333| 5.20|     825.0|Cyg| 
 40|185.516667| 58.083333| 8.40|     510.0|UMa| Winnecke  
 41|101.500000|-20.733333| 4.60|    2300.0|CMa|   
 42| 83.766667| -5.450000| 4.00|    1600.0|Ori| Orion Nebula 
 43| 83.775000| -5.266667| 9.00|    1600.0|Ori|   
 44|130.004167| 19.983333| 3.70|     577.0|Cnc| Beehive Cluster 
 45| 56.750000| 24.116667| 1.60|     380.0|Tau| Pleiades   
 46|115.283333|-14.816667| 6.00|    5400.0|Pup|   
 47|114.025000|-14.500000| 5.20|    1600.0|Pup|   
 48|123.283333| -5.800000| 5.50|    1500.0|Hya|   
 49|187.283333|  8.000000| 8.40|60000000.0|Vir|   
 50|105.758333| -8.333333| 6.30|    3000.0|Mon|   
 51|202.287500| 47.200000| 8.40|37000000.0|CVn| Whirlpool Galaxy 
 52|351.008333| 61.583333| 7.30|    5000.0|Cas|   
 53|198.037500| 18.166667| 7.60|   56400.0|Com|   
 54|283.754167|-30.483333| 7.60|   82800.0|Sgr|   
 55|295.000000|-30.966667| 6.30|   16600.0|Sgr|   
 56|289.025000| 30.183333| 8.30|   31600.0|Lyr|   
 57|283.275000| 33.033333| 8.80|    4100.0|Lyr| Ring Nebula 
 58|189.279167| 11.816667| 9.70|60000000.0|Vir|   
 59|190.500000| 11.650000| 9.60|60000000.0|Vir|   
 60|190.779167| 11.550000| 8.80|60000000.0|Vir|   
 61|185.287500|  4.466667| 9.70|60000000.0|Vir|   
 62|255.258333|-30.116667| 6.50|   21500.0|Oph|   
 63|198.783333| 42.033333| 8.60|37000000.0|CVn| Sunflower Galaxy 
 64|194.029167| 21.683333| 8.50|19000000.0|Com| Blackeye Galaxy 
 65|169.537500| 13.083333| 9.30|35000000.0|Leo|   
 66|170.008333| 12.983333| 8.90|35000000.0|Leo|   
 67|132.516667| 11.816667| 6.10|    2700.0|Cnc|   
 68|189.770833|-26.750000| 7.80|   32300.0|Hya|   
 69|277.766667|-32.350000| 7.60|   26700.0|Sgr|   
 70|280.758333|-32.300000| 7.90|   28000.0|Sgr|   
 71|298.283333| 18.783333| 8.20|   11700.0|Sge|   
 72|313.270833|-12.533333| 9.30|   52800.0|Aqr|   
 73|314.537500|-12.633333| 9.00|    1000.0|Aqr|   
 74| 24.029167| 15.783333| 9.40|35000000.0|Psc|   
 75|301.504167|-21.916667| 8.50|   57700.0|Sgr|   
 76| 25.516667| 51.566667|10.10|    3400.0|Per| Little Dumbbell Nebula
 77| 40.529167| -0.016667| 8.90|60000000.0|Cet| Cetus A 
 78| 86.529167| -0.050000| 8.30|    1600.0|Ori|   
 79| 81.020833|-24.550000| 7.70|   41100.0|Lep|   
 80|244.250000|-22.983333| 7.30|   27400.0|Sco|   
 81|148.775000| 69.066667| 6.90|12000000.0|UMa| Bode's Galaxy 
 82|148.783333| 69.683333| 8.40|12000000.0|UMa| Cigar Galaxy 
 83|204.250000|-29.866667| 7.60|15000000.0|Hya| Southern Pinwheel 
 84|186.254167| 12.883333| 9.10|60000000.0|Vir|   
 85|186.266667| 18.183333| 9.10|65000000.0|Com|   
 86|186.508333| 12.950000| 8.90|60000000.0|Vir|   
 87|187.533333| 12.400000| 8.60|60000000.0|Vir| Virgo A 
 88|188.000000| 14.416667| 9.60|60000000.0|Com|   
 89|188.779167| 12.550000| 9.80|60000000.0|Vir|   
 90|189.033333| 13.166667| 9.50|60000000.0|Vir|   
 91|188.766667| 14.500000|10.20|60000000.0|Com|   
 92|259.254167| 43.133333| 6.40|   26400.0|Her|   
 93|116.025000|-23.866667| 6.00|    3600.0|Pup|   
 94|192.537500| 41.116667| 8.20|14500000.0|CVn|   
 95|161.000000| 11.700000| 9.70|38000000.0|Leo|   
 96|161.533333| 11.816667| 9.20|38000000.0|Leo|   
 97|168.533333| 55.016667| 9.90|    2600.0|UMa| Owl Nebula 
 98|183.283333| 14.900000|10.10|60000000.0|Com|   
 99|184.533333| 14.416667| 9.90|60000000.0|Com|   
100|185.537500| 15.816667| 9.30|60000000.0|Com|   
101|210.758333| 54.350000| 7.90|27000000.0|UMa| Pinwheel Galaxy 
102|226.520833| 55.766667| 9.90|40000000.0|Dra| Spindle Galaxy 
103| 23.258333| 60.700000| 7.40|    8000.0|Cas|   
104|190.000000|-11.616667| 8.00|50000000.0|Vir| Sombrero Galaxy 
105|161.783333| 12.583333| 9.30|38000000.0|Leo|   
106|184.750000| 47.300000| 8.40|25000000.0|CVn|   
107|248.020833|-13.050000| 7.90|   19600.0|Oph|   
108|167.770833| 55.666667|10.00|45000000.0|UMa|   
109|179.275000| 53.383333| 9.80|55000000.0|UMa|   
110| 10.016667| 41.683333| 8.50| 2900000.0|And|   
